8.193107926694843002e+00
2.528006632924771235e+00
7.471311276835158610e-01
7.445227758101219395e-01
1.407642093191432187e+00
2.958315544649096740e+00
5.086876475349511928e+00
1.612152687279200913e+00
5.697247313109311539e-01
2.976853350487439487e-01
2.267708628329653253e-01
2.958317587909983781e-01
4.715757983293061173e+00
1.711090264755350976e+00
5.368166012605249948e-01
2.440789859120789385e-01
1.173703356137427573e-01
6.810308280973453865e-02
4.715763081619817498e+00
1.711090147127199756e+00
5.368162314546998104e-01
2.430413686975823051e-01
1.164115646379541569e-01
6.787124703892290223e-02
4.715767323353310836e+00
1.711090496638010716e+00
5.368155735032990039e-01
2.430413822620761943e-01
1.164115561767126023e-01
6.787124482407715098e-02
