1.040000000000000000e+02
1.260000000000000000e+02
2.880000000000000000e+02
3.990000000000000000e+02
3.990000000000000000e+02
4.000000000000000000e+02
1.200000000000000000e+01
1.500000000000000000e+01
4.600000000000000000e+01
1.500000000000000000e+02
3.150000000000000000e+02
4.000000000000000000e+02
3.000000000000000000e+00
4.000000000000000000e+00
1.300000000000000000e+01
4.700000000000000000e+01
1.890000000000000000e+02
3.280000000000000000e+02
3.000000000000000000e+00
4.000000000000000000e+00
1.300000000000000000e+01
4.700000000000000000e+01
1.870000000000000000e+02
3.260000000000000000e+02
3.000000000000000000e+00
4.000000000000000000e+00
1.300000000000000000e+01
4.900000000000000000e+01
2.150000000000000000e+02
3.290000000000000000e+02
