0.000000000000000000e+00 0.000000000000000000e+00
-8.986077809581648479e-01 1.321350605360350983e+00
-2.989630165663223829e-02 8.777301765496954289e-01
-4.995820618331774793e-02 1.070870354986760864e+00
-6.437639387917916400e-02 1.272570245724615523e+00
-6.191752906207076412e-02 1.485386510197838517e+00
-1.269948711109264161e-01 1.772544882406370093e+00
-1.534156813256553897e-01 2.126227304893446135e+00
-1.414561978223852490e-01 2.395239195089778672e+00
-8.213412042596650309e-02 2.932607362672869478e+00
-1.017422378269021571e-01 3.763093231278412887e+00
-8.812254393223011018e-02 4.341465223295048581e+00
